sun_aries|2460380.5|2460440.5|10|0|30|30|2460389.630260043,2460420.0839790623
moon_wrapped|2460400.5|2460410.5|11|350|20|60|2460407.3116214406,2460408.6399274417
moon_phase|2460400.5|2460440.5|16|0|30|60|2460409.2652862156,2460411.448038724,2460438.64103333,2460440.5
mercury_reentry|2460380.5|2460450.5|0|20|5|120|2460391.498354391,2460396.4035360827,2460408.943928644,2460415.8748146184,2460436.2775040707,2460441.843616014
mercury_station_window|2460380.5|2460450.5|0|27|1|180|2460400.5209902143,2460404.375780027,2460443.6840194548,2460444.5539678107
sun_and_moon|2460380.5|2460440.5|10,11|0,0|30,30|60|2460407.9763316605,2460409.975300551
clipped_both|2460405.5|2460406.5|10|0|30|0|2460405.5,2460406.5
clipped_start|2460405.5|2460440.5|10|0|30|30|2460405.5,2460420.0839790623
clipped_end|2460380.5|2460405.5|10|0|30|30|2460389.630260043,2460405.5
empty_combination|2460380.5|2460440.5|10,0|0,180|30,30|30|
neptune_aries|2460750.5|2460770.5|7|0|30|1200|2460764.999765213,2460770.5
sun_subminute|2460380.5|2460440.5|10|10|0.0002|30|2460399.7260149196,2460399.726217385
